190 
190 
190 
190 
190 
190 
190 
190 
190 
190 
190 
190 
190 
190 
190 
190 
190 
190 
190 
190 
190 
190 
190 
190 
190 
190 
190 
190 
190 
190 
190 
190 
190 
190 
190 
190 
190 
190 
190 
190 
190 
190 
190 
190 
190 
190 
190 
190 
190 
190 
190 
190 
190 
190 
190 
190 
190 
190 
190
188 
188 
188 
188 
188
200 
200 
200 
200 
200
195 
195 
195 
195 
195 
195 
195 
195 
195 
195 
195 
195 
195 
195 
195 
195 
195 
195 
195 
195 
195 
195 
195 
195 
195 
195 
195 
195 
195 
195 
195 
195 
195 
195 
195 
195 
195 
195 
195 
195 
195
185 
185 
185 
185 
185 
185 
185 
185 
185
193 
193 
193 
193 
193 
193 
193 
193
187 
187 
187
186 
192 
192
180 
180 
180